9107801167402720953080401003807721013915192539850147041205243550682906526435670873578401404703683628283585982392603655713383596377760442615916461020743453286549746518018338065807291759419217851904993
184546426073724586795207231622088255013883594936475570108137793998873459215710094597419060341536433873339010178243179224412267090387815734930719032424330888061056946142887772272458344490221611796554871
9107801167402720953080401003807721013915192539850147041205243550682906526435670873578401404703683628283585982392603655713383596377760442615916461020742551750762231240600756062915980922045627696631318
184546426073724586795207231622088255013883594936475570108137793998873459215710094597419060341536433873339010178243179224412267090387815734930719032424331334153956895484282715640734471675464958424895912
9107801167402720953080401003807721013915192539850147041205243550682906526435670873578401404703683628283585982392603655713383596377760442615916461020743072187541177478179520118836331810624122614421202
184546426073724586795207231622088255013883594936475570108137793998873459215710094597419060341536433873339010178243179224412267090387815734930719032424331554376666092941698575284556538690734896015495008
9107801167402720953080401003807721013915192539850147041205243550682906526435670873578401404703683628283585982392603655713383596377760442615916461020743405211800417037668442641191235248366157472642238
184546426073724586795207231622088255013883594936475570108137793998873459215710094597419060341536433873339010178243179224412267090387815734930719032424331044077731442428025563709904723084335207939070319
9107801167402720953080401003807721013915192539850147041205243550682906526435670873578401404703683628283585982392603655713383596377760442615916461020742708953136081674717801976447872245732317572444273
184546426073724586795207231622088255013883594936475570108137793998873459215710094597419060341536433873339010178243179224412267090387815734930719032424331314153546545198007058007241601794262528059375650
