14827715634651540836038940596824892354010278877297876401060823191800808635129912405052058515843925441930600751651979270968832402523858437716423269244378835215040184148925496726921110689751278544327605
34830480934703459612573371682084823331998536508023984320164150702137120952016083575944641069224592990840546984882824176306825231830425992322120117866667467310271176745796835673050770998322448786941903
14827715634651540836038940596824892354010278877297876401060823191800808635129912405052058515843925441930600751651979270968832402523858437716423269244378043286588763832135129402847723361699043183601154
34830480934703459612573371682084823331998536508023984320164150702137120952016083575944641069224592990840546984882824176306825231830425992322120117866667803795835031126564564362508974674244440620735720
14827715634651540836038940596824892354010278877297876401060823191800808635129912405052058515843925441930600751651979270968832402523858437716423269244378454116031615109086678779950150740956183306843814
34830480934703459612573371682084823331998536508023984320164150702137120952016083575944641069224592990840546984882824176306825231830425992322120117866668024018544228583980424006331041689514378211334816
14827715634651540836038940596824892354010278877297876401060823191800808635129912405052058515843925441930600751651979270968832402523858437716423269244378787140290854668575601302305054178698218165064850
34830480934703459612573371682084823331998536508023984320164150702137120952016083575944641069224592990840546984882824176306825231830425992322120117866667623326945673030934627110497149592436044929457351
14827715634651540836038940596824892354010278877297876401060823191800808635129912405052058515843925441930600751651979270968832402523858437716423269244378200488962614266252175316379614685385733059414109
34830480934703459612573371682084823331998536508023984320164150702137120952016083575944641069224592990840546984882824176306825231830425992322120117866667893402760775800916121407834028302363365049762682
